UNITS=MM
#Layer_Color=32768
#
#Feature symbol names
#
$0 r199.9996
$1 r254
$2 r99.9998
$3 r49.9999
$4 r149.9997

#
#Feature attribute names
#

#
#Layer features
#
A 0 2.99999908 2.99999908 0 2.99999908 2.99999908 0 P 0 N
A 2.99999908 44.0000009 0 41.00000182 2.99999908 41.00000182 0 P 0 N
A 6.95000134 3.50000062 6.95000134 3.50000062 3.50000062 3.50000062 1 P 0 N
A 6.95000134 40.50000028 6.95000134 40.50000028 3.50000062 40.50000028 1 P 0 N
A 41.00000182 0 44.0000009 2.99999908 41.00000182 2.99999908 0 P 0 N
A 43.950001 3.50000062 43.950001 3.50000062 40.50000028 3.50000062 1 P 0 N
A 43.950001 40.50000028 43.950001 40.50000028 40.50000028 40.50000028 1 P 0 N
A 44.0000009 41.00000182 41.00000182 44.0000009 41.00000182 41.00000182 0 P 0 N
L -5.89999836 7.69999984 -5.89999836 21.44999774 1 P 0
L -5.89999836 7.69999984 8.99999978 7.69999984 1 P 0
L -5.89999836 21.44999774 8.99999978 21.44999774 1 P 0
L -5.89999836 22.70000032 -5.89999836 36.44999822 1 P 0
L -5.89999836 22.70000032 8.99999978 22.70000032 1 P 0
L -5.89999836 36.44999822 8.99999978 36.44999822 1 P 0
L 0 2.99999908 0 41.00000182 0 P 0
L 2.99999908 0 41.00000182 0 0 P 0
L 2.99999908 44.0000009 41.00000182 44.0000009 0 P 0
L 7.0499986 40.94999938 7.0499986 43.54999926 0 P 0
L 7.0499986 40.94999938 11.44999996 40.94999938 0 P 0
L 7.0499986 43.54999926 11.44999996 43.54999926 0 P 0
L 8.75000028 42.24999932 9.74999828 42.24999932 0 P 0
L 8.99999978 7.69999984 8.99999978 21.44999774 1 P 0
L 8.99999978 22.70000032 8.99999978 36.44999822 1 P 0
L 9.24999928 41.75000032 9.24999928 42.74999832 0 P 0
L 11.44999996 40.94999938 11.44999996 43.54999926 0 P 0
L 12.2829447 11.2861471 12.2829447 14.68614538 3 P 0
L 12.2829447 11.2861471 13.98294638 11.2861471 3 P 0
L 12.2829447 14.68614538 13.98294638 14.68614538 3 P 0
L 12.39812354 45.31440772 31.0481218 45.31440772 4 P 0
L 12.4000006 24.87500486 12.4000006 51.02255226 4 P 0
L 12.4000006 24.87500486 31.04999886 24.87500486 4 P 0
L 12.4000006 51.02255226 31.04999886 51.02255226 4 P 0
L 12.63294654 12.98614624 13.63294454 12.98614624 2 P 0
L 13.13294554 12.4861447 13.13294554 13.48614524 2 P 0
L 13.8016361 17.5852963 13.8016361 22.68529626 3 P 0
L 13.8016361 17.5852963 17.70163592 17.5852963 3 P 0
L 13.8016361 22.68529626 17.70163592 22.68529626 3 P 0
L 13.98294638 11.2861471 13.98294638 14.68614538 3 P 0
L 15.25163574 20.13529628 16.25163628 20.13529628 2 P 0
L 15.75163728 19.63529728 15.75163728 20.63529528 2 P 0
L 17.70163592 17.5852963 17.70163592 22.68529626 3 P 0
L 19.62407556 11.2861471 19.62407556 14.68614538 3 P 0
L 19.62407556 11.2861471 21.32407724 11.2861471 3 P 0
L 19.62407556 14.68614538 21.32407724 14.68614538 3 P 0
L 19.9740774 12.98614624 20.9740754 12.98614624 2 P 0
L 20.4740764 12.4861447 20.4740764 13.48614524 2 P 0
L 20.58596086 0.03655568 20.58596086 3.63655356 1 P 0
L 20.58596086 0.03655568 36.88595874 0.03655568 1 P 0
L 20.58596086 3.63655356 36.88595874 3.63655356 1 P 0
L 21.32407724 11.2861471 21.32407724 14.68614538 3 P 0
L 21.6597992 38.8099046 22.1677992 38.8099046 2 P 0
L 21.9137992 38.5559046 21.9137992 39.0639046 2 P 0
L 23.12000202 3.5100006 23.12000202 9.65999846 1 P 0
L 23.12000202 3.5100006 34.31999994 3.5100006 1 P 0
L 23.12000202 9.65999846 34.31999994 9.65999846 1 P 0
L 31.04999886 24.87500486 31.04999886 51.02255226 4 P 0
L 32.5499984 40.94999938 32.5499984 43.54999926 0 P 0
L 32.5499984 40.94999938 36.94999976 40.94999938 0 P 0
L 32.5499984 43.54999926 36.94999976 43.54999926 0 P 0
L 34.25000008 42.24999932 35.24999808 42.24999932 0 P 0
L 34.31999994 3.5100006 34.31999994 9.65999846 1 P 0
L 34.74999908 41.75000032 34.74999908 42.74999832 0 P 0
L 35.00000112 7.70999982 35.00000112 21.45999772 1 P 0
L 35.00000112 7.70999982 49.89999926 7.70999982 1 P 0
L 35.00000112 21.45999772 49.89999926 21.45999772 1 P 0
L 35.00000112 22.7100003 35.00000112 36.4599982 1 P 0
L 35.00000112 22.7100003 49.89999926 22.7100003 1 P 0
L 35.00000112 36.4599982 49.89999926 36.4599982 1 P 0
L 36.88595874 0.03655568 36.88595874 3.63655356 1 P 0
L 36.94999976 40.94999938 36.94999976 43.54999926 0 P 0
L 44.0000009 2.99999908 44.0000009 41.00000182 0 P 0
L 49.89999926 7.70999982 49.89999926 21.45999772 1 P 0
L 49.89999926 22.7100003 49.89999926 36.4599982 1 P 0
