UNITS=MM
#Layer_Color=0
#
#Feature symbol names
#
$0 r99.9998

#
#Feature attribute names
#

#
#Layer features
#
L 7.31867218 21.9864686 8.31867018 21.9864686 0 P 0
L 7.81867118 21.4864696 7.81867118 22.4864676 0 P 0
L 7.83612352 2.04304646 8.83612152 2.04304646 0 P 0
L 7.84218904 3.35533238 8.84218704 3.35533238 0 P 0
L 7.84218904 4.6676183 8.84218704 4.6676183 0 P 0
L 7.84218904 5.97990422 8.84218704 5.97990422 0 P 0
L 8.33612252 1.54304746 8.33612252 2.54304546 0 P 0
L 8.34218804 2.85533338 8.34218804 3.85533138 0 P 0
L 8.34218804 4.1676193 8.34218804 5.1676173 0 P 0
L 8.34218804 5.47990522 8.34218804 6.47990322 0 P 0
L 9.72500214 29.77500014 10.72500014 29.77500014 0 P 0
L 9.72500214 30.96974502 10.72500014 30.96974502 0 P 0
L 9.72500214 32.1644899 10.72500014 32.1644899 0 P 0
L 9.72500214 33.3590011 10.72500014 33.3590011 0 P 0
L 9.72500214 36.40840318 10.72500014 36.40840318 0 P 0
L 9.72500214 38.2091565 10.72500014 38.2091565 0 P 0
L 9.72500214 40.00990982 10.72500014 40.00990982 0 P 0
L 10.09904254 19.72052444 11.09904054 19.72052444 0 P 0
L 10.22500114 29.27500114 10.22500114 30.27499914 0 P 0
L 10.22500114 30.46974602 10.22500114 31.46974402 0 P 0
L 10.22500114 31.6644909 10.22500114 32.6644889 0 P 0
L 10.22500114 32.8590021 10.22500114 33.8590001 0 P 0
L 10.22500114 35.90840418 10.22500114 36.90840218 0 P 0
L 10.22500114 37.7091575 10.22500114 38.7091555 0 P 0
L 10.22500114 39.50991082 10.22500114 40.50990882 0 P 0
L 10.36536916 12.7377825 11.36536716 12.7377825 0 P 0
L 10.59904154 19.22052544 10.59904154 20.22052344 0 P 0
L 10.86536816 12.2377835 10.86536816 13.2377815 0 P 0
L 10.8781215 22.8067616 11.8781195 22.8067616 0 P 0
L 10.8781215 25.90264568 11.8781195 25.90264568 0 P 0
L 10.8781215 27.0427196 11.8781195 27.0427196 0 P 0
L 10.90618596 9.44542688 11.90618396 9.44542688 0 P 0
L 10.90618596 10.57225724 11.90618396 10.57225724 0 P 0
L 11.3781205 22.3067626 11.3781205 23.3067606 0 P 0
L 11.3781205 25.40264668 11.3781205 26.40264468 0 P 0
L 11.3781205 26.5427206 11.3781205 27.5427186 0 P 0
L 11.40618496 8.94542788 11.40618496 9.94542588 0 P 0
L 11.40618496 10.07225824 11.40618496 11.07225624 0 P 0
L 12.07135 19.94067132 13.071348 19.94067132 0 P 0
L 12.571349 19.44067232 12.571349 20.44067032 0 P 0
L 12.69815342 15.67005248 13.69815142 15.67005248 0 P 0
L 12.71194054 16.93235882 13.71193854 16.93235882 0 P 0
L 13.19815242 15.17005348 13.19815242 16.17005148 0 P 0
L 13.21193954 16.43235982 13.21193954 17.43235782 0 P 0
L 14.27500066 3.94999972 15.27499866 3.94999972 0 P 0
L 14.74808836 11.91361854 15.74808636 11.91361854 0 P 0
L 14.77499966 3.45000072 14.77499966 4.44999872 0 P 0
L 15.0421848 14.76420466 16.0421828 14.76420466 0 P 0
L 15.24808736 11.41361954 15.24808736 12.41361754 0 P 0
L 15.5421838 14.26420566 15.5421838 15.26420366 0 P 0
L 17.67759228 12.76768846 18.67759028 12.76768846 0 P 0
L 17.8713638 20.92541408 18.8713618 20.92541408 0 P 0
L 18.17759128 12.26768946 18.17759128 13.26768746 0 P 0
L 18.3713628 20.42541508 18.3713628 21.42541308 0 P 0
L 18.73305372 17.82786884 19.73305172 17.82786884 0 P 0
L 18.86045504 16.02671928 19.86045304 16.02671928 0 P 0
L 19.0506604 10.3259255 20.0506584 10.3259255 0 P 0
L 19.23305272 17.32786984 19.23305272 18.32786784 0 P 0
L 19.28503636 20.92541408 20.28503436 20.92541408 0 P 0
L 19.36045404 15.52672028 19.36045404 16.52671828 0 P 0
L 19.5506594 9.8259265 19.5506594 10.8259245 0 P 0
L 19.78503536 20.42541508 19.78503536 21.42541308 0 P 0
L 20.69870892 20.92541408 21.69870692 20.92541408 0 P 0
L 21.19870792 20.42541508 21.19870792 21.42541308 0 P 0
L 21.56571252 12.52406182 22.56571052 12.52406182 0 P 0
L 22.06571152 12.02406282 22.06571152 13.02406082 0 P 0
L 24.192738 15.40934434 25.192736 15.40934434 0 P 0
L 24.692737 14.90934534 24.692737 15.90934334 0 P 0
L 24.83717664 11.11525336 25.83717464 11.11525336 0 P 0
L 25.33717564 10.61525436 25.33717564 11.61525236 0 P 0
L 27.11217844 16.02671928 28.11217644 16.02671928 0 P 0
L 27.61217744 15.52672028 27.61217744 16.52671828 0 P 0
L 29.66700188 11.15899978 30.66699988 11.15899978 0 P 0
L 30.16700088 10.65900078 30.16700088 11.65899878 0 P 0
L 30.42100088 12.71299972 31.42099888 12.71299972 0 P 0
L 30.7438044 23.61918568 31.7438024 23.61918568 0 P 0
L 30.92099988 12.21300072 30.92099988 13.21299872 0 P 0
L 31.2438034 23.11918668 31.2438034 24.11918468 0 P 0
L 34.06468676 37.45686184 35.06468476 37.45686184 0 P 0
L 34.06468676 38.95686138 35.06468476 38.95686138 0 P 0
L 34.56468576 36.95686284 34.56468576 37.95686084 0 P 0
L 34.56468576 38.45686238 34.56468576 39.45686038 0 P 0
L 35.1249996 40.43602784 36.1249976 40.43602784 0 P 0
L 35.6249986 39.93602884 35.6249986 40.93602684 0 P 0
